1329844.4
1439329.3
1439331.3
1898961.3
244366.45
546.80
546.82
550.1074
550.1113
550.622
562.10576
562.12959
562.12960
562.13502
562.16324
562.16325
562.16326
562.16327
562.16466
571.217
573.10001
573.10005
573.10008
573.10010
573.10011
573.10012
573.10014
573.10020
573.10021
573.10022
573.10027
573.10028
573.10029
573.10030
573.10032
573.10033
573.10034
573.10035
573.10042
573.10046
573.10051
573.10057
573.10060
573.10062
573.10065
573.10066
573.10069
573.10070
573.10072
573.10074
573.10075
573.10076
573.10077
573.10084
573.10085
573.10087
573.10088
573.10091
573.10092
573.10093
573.10094
573.10095
573.10096
573.10097
573.1719
573.1720
573.1721
573.1722
573.1723
573.1724
573.1725
573.1726
573.1727
573.1728
573.1729
573.1730
573.1731
573.1732
573.1733
573.1734
573.5649
573.6973
573.6974
573.7022
573.7023
573.7024
573.7025
573.7026
573.7027
573.7028
573.7029
573.7030
573.7031
573.7032
573.7033
573.7362
573.9630
573.9631
573.9632
573.9634
573.9636
573.9637
573.9640
573.9643
573.9645
573.9703
573.9704
573.9721
573.9722
573.9723
573.9724
573.9726
573.9727
573.9730
573.9733
573.9734
573.9739
573.9741
573.9743
573.9748
573.9750
573.9755
573.9756
573.9759
573.9760
573.9763
573.9764
573.9765
573.9773
573.9780
573.9781
573.9782
573.9783
573.9784
573.9785
573.9786
573.9789
573.9792
573.9794
573.9798
573.9800
573.9802
573.9805
573.9808
573.9810
573.9813
573.9815
573.9816
573.9817
573.9820
573.9821
573.9822
573.9824
573.9825
573.9826
573.9828
573.9833
573.9834
573.9837
573.9845
573.9850
573.9852
573.9853
573.9854
573.9855
573.9856
573.9859
573.9863
573.9867
573.9868
573.9871
573.9873
573.9874
573.9878
573.9880
573.9885
573.9886
573.9889
573.9890
573.9898
573.9905
573.9907
573.9910
573.9911
573.9918
573.9922
573.9929
573.9931
573.9932
573.9938
573.9940
573.9942
573.9944
573.9946
573.9951
573.9952
573.9953
573.9955
573.9958
573.9960
573.9961
573.9964
573.9967
573.9968
573.9969
573.9971
573.9977
573.9978
573.9980
573.9984
573.9985
573.9986
573.9988
573.9989
573.9995
573.9996
573.9997
573.9998
595.68
611.131
611.132
611.133
611.134
72407.148
72407.150
72407.151
72407.152
72407.153
72407.158
72407.164
72407.165
72407.166
72407.167
72407.168
72407.170
72407.171
72407.172
72407.175
72407.178
72407.179
72407.180
72407.183
72407.186
72407.189
72407.191
72407.192
72407.193
72407.194
72407.196
72407.197
72407.199
72407.200
72407.201
72407.203
72407.204
72407.205
72407.206
72407.211
72407.215
72407.217
72407.219
72407.221
72407.222
72407.224
72407.227
72407.228
72407.229
72407.234
72407.235
72407.236
72407.237
72407.238
72407.239
72407.240
72407.241
72407.242
72407.243
72407.244
72407.245
72407.246
72407.247
72407.248
72407.249
72407.250
72407.251
72407.252
72407.253
72407.254
72407.255
72407.256
72407.257
72407.258
72407.259
72407.260
72407.261
72407.262
72407.263
72407.264
72407.265
72407.266
72407.267
72407.268
72407.269
72407.270
72407.271
72407.272
72407.273
72407.467
72407.475
72407.476
72407.477
72407.478
72407.480
72407.484
72407.485
72407.487
72407.488
72407.495
72407.496
72407.497
72407.499
72407.500
72407.501
72407.503
72407.507
72407.509
72407.510
72407.512
72407.513
72407.514
72407.516
72407.521
72407.522
72407.523
72407.524
72407.525
72407.527
72407.528
72407.529
72407.531
72407.535
72407.536
72407.538
72407.540
72407.543
72407.545
72407.546
72407.549
72407.551
72407.552
72407.559
72407.561
72407.563
72407.564
72407.569
72407.570
72407.572
72407.576
72407.577
72407.578
72407.582
72407.583
72407.584
72407.585
72407.586
72407.587
72407.588
72407.593
72407.596
83655.10
85569.10
85569.100
85569.101
85569.102
85569.105
85569.106
85569.107
85569.108
85569.109
85569.11
85569.110
85569.111
85569.112
85569.113
85569.114
85569.115
85569.116
85569.117
85569.119
85569.12
85569.120
85569.121
85569.122
85569.123
85569.124
85569.125
85569.126
85569.128
85569.129
85569.13
85569.130
85569.131
85569.132
85569.133
85569.134
85569.135
85569.136
85569.137
85569.138
85569.139
85569.14
85569.140
85569.141
85569.142
85569.143
85569.144
85569.145
85569.146
85569.147
85569.148
85569.149
85569.15
85569.150
85569.151
85569.152
85569.153
85569.154
85569.155
85569.156
85569.157
85569.158
85569.16
85569.161
85569.162
85569.163
85569.165
85569.166
85569.167
85569.168
85569.17
85569.171
85569.172
85569.173
85569.174
85569.175
85569.176
85569.177
85569.178
85569.179
85569.18
85569.180
85569.181
85569.182
85569.183
85569.184
85569.185
85569.186
85569.187
85569.188
85569.189
85569.19
85569.190
85569.191
85569.192
85569.193
85569.194
85569.195
85569.196
85569.198
85569.199
85569.20
85569.200
85569.201
85569.202
85569.203
85569.204
85569.205
85569.206
85569.207
85569.208
85569.21
85569.210
85569.211
85569.212
85569.213
85569.214
85569.215
85569.216
85569.217
85569.218
85569.22
85569.220
85569.221
85569.222
85569.223
85569.224
85569.225
85569.226
85569.227
85569.228
85569.229
85569.23
85569.230
85569.232
85569.233
85569.234
85569.235
85569.237
85569.238
85569.239
85569.24
85569.240
85569.241
85569.242
85569.244
85569.245
85569.246
85569.247
85569.248
85569.249
85569.25
85569.250
85569.251
85569.252
85569.253
85569.255
85569.257
85569.258
85569.259
85569.26
85569.261
85569.262
85569.263
85569.264
85569.265
85569.266
85569.267
85569.268
85569.269
85569.27
85569.270
85569.271
85569.272
85569.273
85569.274
85569.275
85569.276
85569.277
85569.278
85569.279
85569.28
85569.280
85569.281
85569.282
85569.283
85569.284
85569.285
85569.286
85569.287
85569.288
85569.289
85569.29
85569.290
85569.291
85569.292
85569.293
85569.294
85569.295
85569.296
85569.297
85569.298
85569.299
85569.30
85569.300
85569.302
85569.303
85569.304
85569.305
85569.306
85569.307
85569.308
85569.309
85569.31
85569.310
85569.312
85569.313
85569.314
85569.315
85569.316
85569.317
85569.318
85569.319
85569.32
85569.320
85569.321
85569.322
85569.323
85569.324
85569.325
85569.326
85569.327
85569.328
85569.329
85569.33
85569.330
85569.331
85569.332
85569.333
85569.334
85569.335
85569.336
85569.337
85569.339
85569.34
85569.340
85569.341
85569.342
85569.343
85569.344
85569.345
85569.346
85569.347
85569.348
85569.349
85569.35
85569.350
85569.351
85569.352
85569.353
85569.354
85569.355
85569.356
85569.357
85569.358
85569.359
85569.36
85569.360
85569.361
85569.37
85569.370
85569.371
85569.372
85569.373
85569.374
85569.375
85569.376
85569.377
85569.378
85569.379
85569.38
85569.39
85569.40
85569.41
85569.42
85569.43
85569.44
85569.45
85569.46
85569.47
85569.48
85569.49
85569.50
85569.51
85569.52
85569.53
85569.54
85569.55
85569.56
85569.57
85569.58
85569.59
85569.60
85569.61
85569.62
85569.63
85569.64
85569.65
85569.66
85569.67
85569.68
85569.69
85569.70
85569.71
85569.72
85569.73
85569.74
85569.75
85569.76
85569.77
85569.78
85569.80
85569.81
85569.82
85569.83
85569.84
85569.85
85569.86
85569.87
85569.88
85569.89
85569.9
85569.90
85569.91
85569.92
85569.93
85569.94
85569.95
85569.96
85569.97
85569.98
85569.99
