1163395.3
1284787.3
1284788.3
1284789.4
1284790.3
1284791.4
1284792.4
1284793.4
1284794.4
1284795.4
1284796.3
1284797.4
1284798.4
1284799.4
1284800.4
1284801.3
1284802.4
1284803.4
1284804.4
1284805.4
1284806.4
1284807.4
1284808.4
1284809.4
1284810.3
1284811.3
1284812.3
1284813.3
1284814.3
1284815.3
1284816.3
1284817.3
1284818.4
1284819.3
1284820.3
1284821.3
1284822.3
1284823.3
1284824.3
1284825.3
1284826.3
1284827.3
1284828.3
1284829.3
1284830.3
1284831.3
1284832.3
1284833.4
1284834.3
1304916.4
1304917.4
1304918.4
1304919.4
1304920.3
1304921.4
1304922.3
1304923.3
1304924.3
1310554.3
1310555.3
1310556.3
1310557.3
1310558.3
1310559.3
1310560.3
1310561.3
1310563.3
1310564.3
1310567.3
1310568.3
1310569.3
1310570.3
1310571.3
1310572.3
1310573.3
1310575.3
1310577.3
1310578.3
1310579.3
1310580.3
1310581.3
1310583.3
1310584.3
1310585.3
1310586.3
1310587.3
1310588.3
1310590.3
1310591.3
1310592.3
1310594.3
1310595.3
1310596.3
1310597.3
1310599.3
1310600.3
1310601.3
1310602.3
1310603.3
1310604.3
1310605.3
1310606.3
1310607.3
1310608.3
1310609.3
1310610.3
1310611.3
1310613.3
1310614.3
1310615.3
1310616.3
1310617.3
1310618.3
1310619.3
1310620.3
1310621.3
1310622.6
1310623.3
1310624.3
1310625.3
1310626.3
1310627.3
1310628.3
1310629.3
1310630.3
1310631.3
1310633.3
1310634.3
1310636.3
1310637.3
1310638.3
1310639.3
1310640.3
1310641.3
1310642.3
1310643.3
1310644.3
1310645.3
1310646.3
1310647.3
1310649.3
1310650.3
1310651.3
1310652.3
1310653.3
1310654.3
1310655.3
1310656.3
1310657.3
1310659.3
1310660.3
1310661.3
1310662.3
1310663.3
1310665.3
1310666.3
1310668.3
1310669.3
1310670.3
1310672.3
1310673.3
1310674.3
1310675.3
1310676.3
1310677.3
1310679.3
1310680.3
1310681.3
1310683.3
1310684.3
1310685.3
1310686.3
1310688.3
1310689.3
1310691.3
1310692.3
1310694.3
1310695.3
1310697.3
1310698.3
1310699.3
1310700.3
1310701.3
1310702.3
1310703.3
1310705.3
1310706.3
1310707.3
1310708.3
1310709.3
1310710.3
1310711.3
1310712.3
1310713.3
1310716.3
1310717.3
1310718.3
1310719.3
1310720.3
1310721.3
1310722.3
1310723.3
1310724.3
1310725.3
1310727.3
1310728.3
1310729.3
1310730.3
1310731.3
1310732.3
1310734.3
1310735.3
1310736.3
1310737.3
1310738.3
1310739.3
1310740.3
1310741.3
1310742.3
1310743.3
1310744.3
1310745.3
1310746.3
1310747.3
1310748.3
1310749.3
1310750.3
1310751.3
1310752.3
1310753.3
1310754.3
1310755.3
1310756.3
1310757.3
1310758.3
1310759.3
1310760.3
1310761.3
1310762.3
1310763.3
1310764.3
1310765.3
1310767.3
1310768.3
1310770.3
1310771.3
1310772.3
1310773.3
1310774.3
1310775.3
1310776.3
1310778.3
1310779.3
1310780.3
1310781.3
1310782.3
1310783.3
1310784.3
1310785.3
1310786.3
1310787.3
1310788.3
1310789.3
1310790.3
1310791.3
1310792.3
1310793.3
1310794.3
1310795.3
1310796.3
1310797.3
1310798.3
1310799.3
1310801.3
1310802.3
1310803.3
1310805.3
1310806.3
1310807.3
1310808.3
1310809.3
1310810.3
1310811.3
1310812.3
1310813.3
1310815.3
1310816.3
1310818.3
1310820.3
1310824.3
1310825.3
1310826.3
1328337.4
1328362.3
1328363.3
1328364.3
1328365.3
1328366.3
1328367.3
1328368.3
1328369.3
1328370.3
1328371.3
1328372.3
1328373.3
1328374.3
1328375.3
1328376.3
1328377.3
1328378.3
1328379.3
1328380.3
1328381.3
1328382.3
1328383.3
1328384.3
1328385.3
1328386.3
1328387.3
1328389.3
1328390.3
1328391.3
1328392.3
1328393.3
1328394.3
1328395.3
1328396.3
1328397.3
1328398.3
1328399.3
1328400.3
1328401.3
1328402.3
1328403.3
1328404.3
1328405.3
1328406.3
1328407.3
1328408.3
1328409.3
1328410.3
1328411.3
1328412.3
1328413.3
1328414.3
1328415.3
1328416.3
1328417.3
1328418.3
1328419.3
1328420.3
1328421.3
1328422.5
1328423.3
1328424.3
1328425.3
1328426.3
1328427.3
1328428.3
1328429.3
1328430.3
1328431.3
1328432.3
1328433.3
1328434.3
1328436.3
1328437.3
1328438.3
1328439.3
1328440.3
1328441.3
1328442.3
1328443.3
1328444.3
1328445.3
1328446.3
1328447.3
1328448.3
1328449.3
1328450.3
1329810.3
1329811.3
1329812.3
1329813.3
1329814.3
1329815.3
1329816.3
1329817.3
1329818.3
1329819.3
1329820.3
1329821.3
1329822.3
1329823.3
1329824.3
1329825.3
1329826.3
1329827.3
1329828.3
1329829.3
1329830.3
1329831.3
1329832.3
1329833.3
1329834.3
1329835.3
1329836.3
1329837.3
1329838.3
1329839.3
1329840.3
1329841.3
1329842.3
1329843.3
1329845.3
1329846.6
1329852.3
1329853.3
1329854.3
1329855.3
1329856.3
1400136.3
1400137.3
1400138.3
1400139.3
1400140.3
1400141.3
1400142.3
1400143.3
1400144.3
1400145.3
1400146.3
1400147.3
1400148.3
1400149.3
1400150.3
1400151.3
1400152.3
1400154.3
1400155.3
1400156.3
1400157.3
1400158.3
1400160.3
1400161.3
1400162.3
1400163.3
1400164.3
1400165.3
1400166.3
1400167.3
1400168.3
1400169.3
1400170.3
1400171.3
1400172.3
1400173.3
1400174.3
1400175.3
1400176.3
1400177.3
1400178.3
1400179.3
1400180.3
1400181.3
1400182.3
1400183.3
1400184.3
1400185.3
1400186.3
1402485.3
1402486.3
1402487.3
1402488.3
1402489.3
1402490.3
1402491.3
1402492.3
1402493.3
1402494.3
1402495.3
1402496.3
1402497.3
1402498.3
1402499.3
1402500.3
1402501.3
1402502.3
1402503.3
1402504.3
1402506.3
1402507.3
1402508.3
1402509.3
1402510.3
1402511.3
1402512.3
1402513.3
1402514.3
1402515.3
1402516.3
1402517.3
1402518.3
1402519.3
1402520.3
1402521.3
1402522.3
1402523.3
1402524.3
1402525.3
1402526.3
1402527.3
1402528.3
1402529.3
1402530.3
1402531.3
1402532.3
1402533.3
1402534.3
1402535.3
1402536.3
1402537.3
1402538.3
1402539.3
1402540.3
1402542.3
1402543.3
1402544.3
1402545.3
1402546.3
1402547.3
1402548.3
1402549.3
1402550.3
1402551.3
1402552.3
1402553.3
1402554.3
1402555.3
1402556.3
1402557.3
1402558.3
1402559.3
1402560.3
1402561.3
1402562.3
1402563.3
1402564.3
1402565.3
1402566.3
1402567.3
1402568.3
1402569.3
1402570.3
1402571.3
1402572.3
1402573.3
1402575.3
1402576.3
1402577.3
1402578.3
1402581.3
1402582.3
1418235.3
1418236.3
1418237.3
1418238.3
1418239.3
1418240.3
1418241.3
1418242.3
1418243.3
1418244.3
1418245.3
1418246.3
1418247.3
1418248.3
1438668.3
1438669.3
1438670.3
1438671.3
1438672.3
1438673.3
1438674.3
1438675.3
1438676.3
1438677.3
1438678.3
1438679.3
1438680.3
1438681.3
1438682.3
1438683.3
1438684.3
1438685.3
1438686.3
1438687.3
1438688.3
1438689.3
1438691.3
1438693.3
1438694.3(1)
1438694.3
1438695.3
1438696.3(1)
1438696.3
1438697.3(1)
1438697.3
1438698.3(1)
1438698.3
1438699.3
1438700.3
1438701.3(1)
1438701.3
1438702.3(1)
1438702.3
1438708.3
1438709.3
1438711.3
1438712.3(1)
1438712.3
1438713.3
1438714.3(1)
1438714.3
1438715.3
1438717.3
1438718.3
1438719.3
1438720.3
1438722.3
1438723.3
1438724.3
1438725.3
1438726.3
1438727.3
1438728.3
1438729.3
1438730.3
1438731.3
1438732.3
1438733.3
1438734.3
1438735.3
1438736.3
1438737.3
1438738.3
1438739.3
1438740.3
1438741.3
1438742.3
1438743.3
1438744.3
1438745.3
1438746.3
1438747.3
1438748.3
1438749.3
1438750.3
1438751.3
1438752.3
1438753.3
1438754.3
1438755.3
1438756.3
1438757.3
1438758.3
1438759.3
1438760.3
1438761.3
1438762.3
1438763.3
1438764.3
1438765.3
1438766.3(1)
1438766.3
1438767.3
1438768.3
1438769.3(1)
1438769.3
1438770.3
1438771.3(1)
1438771.3
1438772.3
1438773.3(1)
1438773.3
1438774.3
1438775.3(1)
1438775.3
1438776.3
1438777.3
1438778.3(1)
1438778.3
1438779.3(1)
1438779.3
1438780.3(1)
1438780.3
1438781.3(1)
1438781.3
1438782.3(1)
1438782.3
1438783.3(1)
1438783.3
1438784.3(1)
1438784.3
1438785.3(1)
1438785.3
1438786.3(1)
1438786.3
1438787.3(1)
1438787.3
1438788.3(1)
1438788.3
1438789.3(1)
1438789.3
1438790.3(1)
1438790.3
1438791.3
1438792.3
1438793.3
1438794.3
1438795.3(1)
1438795.3
1438796.3
1438797.3
1438798.3
1438799.3(1)
1438799.3
1438800.3
1438801.3
1438802.3
1438803.3
1438804.3
1438805.3
1438806.3
1438807.3
1438808.3
1438809.3
1438810.3
1438811.3
1439316.7
1439317.3
1439318.3
1439319.3
1439320.3
1439321.3
1439322.3
1439323.3
1439324.3
1439325.3
1439326.3
1439330.3
1445862.3
1445863.3
1445864.3
1445865.4
1447528.3
1447529.3
1447530.3
1447531.3
1447532.3
1447533.3
1447534.3
1447535.3
1447536.3
1447537.3
1447538.3
1447539.3
1447540.3
1447541.3
1447543.3
1447544.3
565643.5
565644.5
565646.5
565648.4
565651.6
565664.3
565665.3
565666.3
listmp3
